.Random.seed <-
c(403L, 11L, 269153371L, 1606569066L, -1150282484L, 2014934863L, 
592438277L, -424568132L, 959032210L, 1051437197L, 1555672775L, 
-1549424722L, 928002568L, 1964783115L, -1072365847L, -124511816L, 
2082592358L, -1183206655L, 761132435L, -1852666302L, 701231604L, 
-276788233L, 471838701L, 415848580L, -1805795670L, 2099819541L, 
-1561221969L, -1571149130L, 391571680L, 226972707L, -925611199L, 
1639601712L, -1426725810L, -154456903L, -603346741L, 351548794L, 
-2146908036L, -2116805441L, -257304171L, -262393428L, -599555198L, 
10807645L, 1391093847L, 255729470L, 678168440L, 121629787L, 10165177L, 
-1849447928L, 2026647734L, -1198200847L, 1520759331L, 1945320050L, 
1800208580L, -1907030393L, -1585398179L, 1762664532L, -1447329158L, 
-347760187L, 2067655455L, -617003354L, 536860720L, -1183872301L, 
-668950287L, -554660832L, 825711294L, 1146351305L, -2131858309L, 
-1970535862L, -1320290644L, -1718652497L, 165075301L, -1831090404L, 
-457684110L, 1959634925L, 504465447L, 566956110L, -1879747416L, 
1402215083L, 102952905L, 1187480536L, -1494523258L, 205042529L, 
462468851L, 2122852706L, -1782917164L, -83975465L, -1393858355L, 
277307492L, 1867173450L, 555621301L, 750298895L, -138316778L, 
572612288L, 1007044739L, 1109517473L, -717026672L, 422820206L, 
-1467771111L, 2076707755L, 1094179226L, 92765532L, 1002312799L, 
370166837L, 1811044300L, 228000546L, 692387197L, 37457527L, -231884898L, 
114955864L, -1584300101L, 1857786201L, 1886882536L, 650531606L, 
-1703881583L, -2057500349L, -1263565742L, -1043786012L, -340176601L, 
1305313661L, 1646053492L, -314889638L, 1384867493L, -959990593L, 
994903878L, -1279777328L, -1116768269L, -1027879151L, 1141018432L, 
-1186040034L, -1296963607L, 641600795L, -156178646L, 1706915916L, 
1591889935L, -606135483L, -1828745988L, 1423768402L, -146400051L, 
1075764359L, -316119186L, 1257380168L, -791290549L, -394428247L, 
-1873501704L, 1679102246L, -446082495L, 1003625427L, -145725054L, 
-213148236L, 1727998263L, 592985133L, 1202268484L, -649847190L, 
-1227941675L, 767456879L, 811787126L, -497019744L, 779095395L, 
-1721590271L, 1549524336L, -1765589746L, 962920313L, -1797226741L, 
-373587910L, 1616351036L, -726274945L, 1520271317L, -1575177748L, 
998277954L, -1837921123L, -376179433L, -554316674L, 1308156984L, 
234472219L, 988948601L, -800771896L, 1962416374L, -512251599L, 
404955491L, 1487614770L, -1779417980L, -488765241L, 346436509L, 
-1800587500L, -900665926L, -1389016059L, 1651925471L, -1949948826L, 
270820336L, 665263379L, -2101476687L, 524954976L, 1670996734L, 
-241508727L, -168162885L, 806925194L, 2017090156L, 1137939439L, 
834395173L, -765164324L, -240805198L, -644629075L, -649166489L, 
1638243982L, -1081735320L, -322289813L, 886024457L, -1378566248L, 
666355398L, 576230433L, 397852851L, -255944158L, 1449991188L, 
1936724119L, 1097458317L, -1444007004L, 1158794634L, 1473378805L, 
-1425206193L, -1734126762L, -1726920192L, -1906433213L, -1586847007L, 
460451920L, -202026834L, -1223539623L, 1839707243L, -1401456166L, 
-674938212L, 2095075410L, -2138559360L, -1019680940L, -1744744472L, 
1928069882L, 641779536L, 306947116L, -273524364L, 1275006610L, 
548053600L, 1178554508L, -861793952L, -810231582L, 1789177000L, 
634808012L, 797579772L, 198695858L, 126198768L, 1031197124L, 
550309208L, 331309434L, -1122242128L, -205616708L, -705348012L, 
-1800807998L, 2079679264L, 1344418748L, -677597104L, -828351518L, 
-1730248856L, -20990132L, 931008252L, -556591374L, -1359954688L, 
-1471705996L, 1227443720L, -1335376454L, 1375565264L, -362072084L, 
-40088684L, 795494610L, -1208785824L, 1247219020L, -1396141280L, 
1687304834L, 2079425000L, 1675377644L, 643497532L, 1662592626L, 
-1612207248L, 1011997988L, 1075821112L, -1486491238L, -898863664L, 
-732723780L, 280260244L, 1257431682L, 768957888L, 1030797116L, 
82621072L, -1167558878L, 2028320264L, 1687749388L, -1920564324L, 
-476406766L, 1455844224L, -2047960300L, 1638855976L, 271134778L, 
1911931856L, -1735460244L, -2110960588L, 1520906386L, -22300320L, 
-1955930804L, -583445024L, 1532910498L, -104866904L, -1979589492L, 
-191188036L, 1261511794L, -2930704L, -1904565180L, 1367132248L, 
-864288710L, -1157281680L, 1958805052L, -1165859052L, 1085278914L, 
1331319520L, 1440318588L, -1257222960L, 779080610L, 641437224L, 
2077819148L, 675252156L, 1502425394L, -1472341824L, 1127617076L, 
-1399792952L, 1368720058L, -340341616L, 103745260L, -264612268L, 
1003349650L, 1034921760L, 827520972L, 893184224L, 427642562L, 
-901131224L, 234199980L, 1092307644L, -459513358L, 1866851888L, 
-421857372L, 1546273208L, 1473157978L, -1377659760L, -1261528196L, 
-10477804L, -1277764286L, -384495872L, -1843053636L, 1739530064L, 
-1846812382L, -1429558712L, -68872180L, 1833208924L, 1055494610L, 
467637760L, 1482174804L, -1182588696L, -1032498950L, 889284304L, 
470042924L, 1734080756L, 810937746L, 451512672L, 85002252L, 405023456L, 
-53599646L, 1555348136L, 1669478988L, 1355663228L, 1383812402L, 
582755952L, -1060586684L, -1341667368L, 1965842298L, -650875344L, 
-1324181572L, 1407555156L, 1330333762L, -640532320L, -1928843588L, 
-1929557552L, -176675998L, -281427224L, -950058804L, -367410692L, 
-229086734L, 1094531712L, 268269044L, 1490265736L, 472358714L, 
957694800L, 1447310444L, 276380052L, -1454185390L, 2117937632L, 
358808780L, -1955648352L, 117233026L, 1370464488L, 1027145452L, 
960400700L, 1925610610L, -573185936L, -460687324L, 584297528L, 
1267824410L, 535182544L, -1048029380L, 1286723476L, 867584898L, 
1907044800L, 2002931260L, -805460592L, -205003230L, -175629048L, 
569411212L, 1531303708L, -997678958L, -1115584128L, 1599397396L, 
-1368846552L, 1522061882L, 1814353360L, -82998932L, 1709384628L, 
-752187374L, -2002342432L, -1390411828L, 1515380960L, 795564066L, 
1084440872L, 686505484L, -980459716L, 968342514L, 1275407088L, 
285746756L, -533896616L, 587095866L, 37402096L, 448368316L, -1501243116L, 
-931972414L, 1130269792L, -600591492L, 176130000L, -447545054L, 
-247117144L, -297077876L, 519743676L, 1228203826L, 1844546112L, 
-1319197516L, -1639467387L, -934871089L, 999911112L, -1649440922L, 
-1638433389L, 1409343221L, -1828323630L, -612570848L, -1438856951L, 
669769275L, -2144611444L, -2135592422L, 352170639L, 1798118873L, 
-1771568530L, 2117734908L, -1333722259L, 1063546135L, -1220212512L, 
1950101182L, -1385841525L, -1121928435L, 1471499066L, -1356881032L, 
950432033L, 1355848147L, -1087256332L, -707458686L, 1524866071L, 
-377984287L, 1628910630L, 1407258916L, 3789269L, -426078849L, 
548500504L, 304978742L, 1604296131L, 849097733L, 879562658L, 
-1850209392L, -2044096711L, -817628181L, -297046820L, -447433462L, 
-71418881L, 33062473L, -1052152866L, 1151095692L, -1484090531L, 
-981019801L, -295421808L, 851502766L, 256607067L, -1670442179L, 
7379370L, 540898888L, -1089321359L, 1054848995L, -742636828L, 
1616419346L, 297127399L, 1758681521L, -931991562L, -2090683884L, 
1314241829L, 1860652591L, 1539455976L, 2105068742L, -1152714381L, 
2133213653L, 1601705394L, -643044480L, -1968967831L, -1323965477L, 
849824556L, -89254598L, -1592595473L, -1951285639L, 1703758094L, 
-1215325988L, -1531048115L, -1766719817L, 2010115136L, 1206002974L, 
165822443L, -471366803L, -1866313254L, -110621800L, -1351568895L, 
1106125747L, -314326316L, -88431646L, -1637976457L, 468348865L, 
-1448997562L, 1625857156L, -614522315L, -1543345633L, -406311560L, 
-1612829610L, -943574813L, -1072425307L, -1886004414L, -337923792L, 
-691074727L, 1872300747L, -489458884L, 1854430058L, -802276961L, 
-2140458967L, -747074882L, 1880935340L, 406124797L, 41186375L, 
2018186032L, 795972686L, -1365510021L, -284705827L, 1241309706L, 
-1214609624L, 679254417L, -286845L, 1104073860L, 74781362L, 1590740487L, 
-1798814127L, 411106774L, 111628468L, -210334523L, 1154371087L, 
-536787320L, -1525142618L, 1215619923L, 1138371765L, -540390894L, 
1534724064L, -1994646967L, 1896616059L, -1264238260L, 1770280154L, 
133076175L, 1952956569L, -1842029394L, 1908697532L, -367832531L, 
832972247L, 946564128L, -498740866L, -1130594485L, -1927101107L, 
